0.0149173779798 2.2675148192 0.665227342205
1.14522048216 0.240107209493 0.945351476963
1.44878249196 -1.89906490171 1.17571016828
-0.000538747515022 2.99890495168 0.587786080349
0.808275786902 0.915563908362 0.819807057702
0.572690222017 3.15330355937 0.678360346858
0.444946569787 5.18850224468 0.995667917393
0.912930211521 0.628612135789 0.229491899462
0.920734549385 0.779733268413 0.0894916199894
0.825880800625 7.77391974031 0.250429642383
0.383485946908 2.8847706452 0.397748335995
0.500739475991 10.5049093752 0.898459749094
0.888401200665 -1.81194454687 1.23536563537
0.620515190714 -1.1681686381 0.530751611698
0.0186286083948 2.05735948828 -0.0682145368815
-0.231906292719 -2.30128128381 -0.055908741086
0.171603992165 8.52815352668 0.556744071731
0.483181749427 -1.43617074154 0.953186079378
0.124424237786 4.86674926169 0.464002041049
0.0938073860176 3.44614934284 0.194458407555
0.226259268751 0.944118682804 0.907987562486
0.528019592962 1.90974383511 0.79616583449
0.080484956711 2.17585589491 0.832521559879
0.953871541658 1.81209751918 0.041678332106
